-----------------------------------------------------------------
None
Country     	0614	0617	0618
Iraq        	2.39 (2.72)	3.44 (3.54)	3.49 (3.49)
Egypt       	1.58 (1.93)	2.06 (2.06)	2.04 (2.04)
Libya       	0.70 (1.55)	2.51 (2.54)	2.64 (2.64)
Jordan      	0.67 (1.70)	2.78 (3.13)	0.75 (2.10)
Bahrain     	2.00 (2.80)	2.06 (2.85)	1.00 (2.10)
Syria       	1.75 (2.55)	2.84 (3.02)	2.79 (2.79)
Saudi Arabia	2.00 (2.75)	1.77 (1.87)	1.75 (2.70)
Average     	1.58 (2.29)	2.49 (2.72)	2.07 (2.55)
-----------------------------------------------------------------
None
Country     	0614	0617	0618
Iraq        	2.48 (3.10)	3.63 (3.65)	3.32 (3.32)
Egypt       	1.63 (1.93)	2.30 (2.30)	2.93 (2.93)
Libya       	0.70 (1.70)	1.25 (1.58)	1.74 (1.74)
Jordan      	1.75 (2.40)	2.97 (3.50)	1.00 (2.05)
Bahrain     	2.00 (2.80)	1.50 (2.30)	1.00 (2.10)
Syria       	0.67 (1.90)	2.88 (3.06)	2.67 (2.67)
Saudi Arabia	2.00 (2.60)	1.96 (2.01)	2.75 (3.30)
Average     	1.60 (2.35)	2.36 (2.63)	2.20 (2.59)
-----------------------------------------------------------------
None
Country     	0614	0617	0618
Iraq        	1.00 (1.90)	3.42 (3.53)	3.48 (3.48)
Egypt       	1.58 (1.93)	2.07 (2.07)	2.06 (2.06)
Libya       	1.75 (2.70)	2.50 (2.65)	2.83 (2.83)
Jordan      	0.60 (1.25)	2.49 (2.49)	0.75 (2.10)
Bahrain     	1.00 (2.20)	1.28 (2.10)	1.00 (2.10)
Syria       	2.00 (2.65)	2.81 (3.00)	2.81 (2.81)
Saudi Arabia	1.00 (2.15)	3.12 (3.14)	3.62 (3.85)
Average     	1.28 (2.11)	2.53 (2.71)	2.36 (2.75)
-----------------------------------------------------------------
None
Country     	0614	0617	0618
Iraq        	2.11 (2.52)	3.42 (3.45)	3.60 (3.60)
Egypt       	1.61 (1.91)	2.29 (2.29)	3.18 (3.18)
Libya       	1.34 (1.84)	2.46 (2.66)	2.63 (2.63)
Jordan      	2.00 (2.80)	2.56 (3.15)	2.00 (2.80)
Bahrain     	1.67 (2.80)	1.31 (2.30)	1.00 (2.10)
Syria       	1.00 (2.05)	3.02 (3.17)	2.72 (2.72)
Saudi Arabia	0.75 (2.15)	2.50 (2.58)	2.88 (3.35)
Average     	1.50 (2.30)	2.51 (2.80)	2.57 (2.91)
-----------------------------------------------------------------
None
Country     	0614	0617	0618
Iraq        	2.21 (2.80)	3.56 (3.56)	3.53 (3.53)
Egypt       	2.24 (2.24)	3.11 (3.11)	3.17 (3.17)
Libya       	2.06 (2.60)	2.38 (2.60)	2.82 (2.82)
Jordan      	0.62 (1.75)	2.81 (3.30)	1.67 (2.80)
Bahrain     	2.00 (2.80)	2.36 (2.95)	1.00 (2.10)
Syria       	1.25 (2.45)	2.85 (3.02)	2.89 (2.89)
Saudi Arabia	0.75 (2.30)	2.70 (2.74)	1.00 (2.15)
Average     	1.59 (2.42)	2.82 (3.04)	2.30 (2.78)
-----------------------------------------------------------------
None
Country     	0614	0617	0618
Iraq        	3.29 (3.56)	2.34 (3.19)	3.11 (3.14)
Egypt       	0.77 (1.86)	2.59 (2.81)	2.45 (3.11)
Libya       	2.00 (2.90)	1.25 (2.51)	2.21 (2.81)
Jordan      	3.86 (3.92)	2.71 (3.26)	3.57 (3.76)
Bahrain     	3.71 (3.84)	3.14 (3.45)	3.43 (3.66)
Syria       	3.43 (3.66)	1.57 (2.45)	3.06 (3.14)
Saudi Arabia	3.86 (3.91)	1.43 (2.16)	3.43 (3.66)
Average     	2.99 (3.38)	2.15 (2.83)	3.04 (3.32)
-----------------------------------------------------------------
None
Country     	0614	0617	0618
Iraq        	3.29 (3.56)	2.34 (3.19)	3.01 (3.04)
Egypt       	1.21 (2.20)	2.55 (2.92)	2.40 (3.07)
Libya       	1.29 (2.51)	2.30 (3.06)	2.09 (2.80)
Jordan      	3.86 (3.92)	2.71 (3.26)	3.57 (3.76)
Bahrain     	3.71 (3.84)	3.14 (3.45)	3.43 (3.66)
Syria       	3.43 (3.66)	1.57 (2.45)	3.04 (3.13)
Saudi Arabia	3.86 (3.91)	1.71 (2.46)	3.43 (3.66)
Average     	2.95 (3.37)	2.33 (2.97)	3.00 (3.30)
-----------------------------------------------------------------
Experiment 8: train one lasso model to make prediction in daily level using more recent factors based on handbook keywords
Country     	0614	0617	0618
Iraq        	3.29 (3.56)	2.34 (3.19)	2.72 (2.84)
Egypt       	0.77 (1.87)	2.55 (2.84)	2.50 (3.19)
Libya       	1.86 (2.82)	1.25 (2.51)	2.23 (2.87)
Jordan      	3.86 (3.92)	2.71 (3.26)	3.57 (3.76)
Bahrain     	3.71 (3.84)	3.14 (3.45)	3.43 (3.66)
Syria       	3.43 (3.66)	1.57 (2.45)	3.06 (3.14)
Saudi Arabia	3.86 (3.91)	1.66 (2.49)	3.43 (3.66)
Average     	2.97 (3.37)	2.18 (2.88)	2.99 (3.30)
-----------------------------------------------------------------
Experiment 9: train one lasso model to make prediction in daily level using more recent factors based on Mouna keywords
Country     	0614	0617	0618
Iraq        	3.14 (3.48)	2.34 (3.19)	2.72 (2.84)
Egypt       	1.21 (2.13)	2.55 (2.84)	2.50 (3.19)
Libya       	2.86 (3.37)	1.25 (2.51)	2.23 (2.87)
Jordan      	3.86 (3.92)	2.71 (3.26)	3.57 (3.76)
Bahrain     	3.71 (3.84)	3.14 (3.45)	3.43 (3.66)
Syria       	3.43 (3.66)	1.57 (2.45)	3.06 (3.14)
Saudi Arabia	3.86 (3.91)	1.66 (2.49)	3.43 (3.66)
Average     	3.15 (3.47)	2.18 (2.88)	2.99 (3.30)
-----------------------------------------------------------------
None
Country     	0614	0617	0618
Iraq        